CHINESE
[[39.74468085  9.65957447]
 [10.89361702 39.70212766]]
[[53.19148936 21.27659574]
 [31.91489362 55.31914894]]
[[25.53191489  2.12765957]
 [ 2.12765957 27.65957447]]
FRENCH
[[40.80851064  9.91489362]
 [24.25531915 25.0212766 ]]
[[61.70212766 29.78723404]
 [42.55319149 44.68085106]]
[[27.65957447  0.        ]
 [ 4.25531915  6.38297872]]
MIX
[[40.02531646 10.40506329]
 [18.10126582 31.46835443]]
[[58.2278481  27.84810127]
 [30.37974684 44.30379747]]
[[22.78481013  1.26582278]
 [ 5.06329114 15.18987342]]