CHINESE
[[40.59574468  8.93617021]
 [ 9.82978723 40.63829787]]
[[57.44680851 21.27659574]
 [25.53191489 55.31914894]]
[[27.65957447  0.        ]
 [ 2.12765957 21.27659574]]
FRENCH
[[41.70212766  9.44680851]
 [23.53191489 25.31914894]]
[[61.70212766 34.04255319]
 [51.06382979 48.93617021]]
[[21.27659574  0.        ]
 [ 6.38297872  6.38297872]]
MIX
[[40.81012658  9.69620253]
 [15.87341772 33.62025316]]
[[53.16455696 27.84810127]
 [26.58227848 43.03797468]]
[[25.3164557   1.26582278]
 [ 6.32911392 22.78481013]]