CHINESE
[[40.85106383  8.85106383]
 [10.93617021 39.36170213]]
[[59.57446809 19.14893617]
 [21.27659574 57.44680851]]
[[23.40425532  0.        ]
 [ 2.12765957 19.14893617]]
FRENCH
[[42.21276596  8.85106383]
 [24.85106383 24.08510638]]
[[59.57446809 29.78723404]
 [46.80851064 44.68085106]]
[[23.40425532  0.        ]
 [ 6.38297872  8.5106383 ]]
MIX
[[41.84810127  8.58227848]
 [16.96202532 32.60759494]]
[[53.16455696 20.25316456]
 [26.58227848 50.63291139]]
[[24.05063291  1.26582278]
 [ 5.06329114 17.72151899]]